-0.0026569  -0.000665589  0.000275072  -0.00915716  0.0992764  0.0143461  
-0.00296752  -0.00116889  0.000172876  -0.0284906  0.0844006  0.0130027  
-0.00303929  -0.000661714  0.000263695  -0.0139476  0.0843939  0.00998249  
-0.00304727  -0.000751347  0.000283975  -0.0134786  0.0775756  0.0297275  
-0.00303843  -0.000786807  0.000231618  -0.0195945  0.0843908  0.00816867  
-0.00299336  -0.000697689  0.000195829  -0.0150106  0.0843948  0.0116112  
-0.00302651  -0.0009878  0  -0.0285194  0.0843861  0.0250507  
-0.0029632  -0.00067474  0.000141628  -0.0335762  0.0843971  0.00945578  
-0.00300252  -0.00067474  0.000189489  -0.0285072  0.0844021  0.0104482  
-0.00304239  -0.000778148  0.000177048  -0.0326576  0.0843848  0.02505  
-0.00293217  -0.00067474  0.000181709  -0.0208722  0.084398  0.0250405  
-0.00289063  -0.00084503  4.23517e-22  -0.0285266  0.0844073  0.0250417  
-0.00301148  -0.00067474  0.000215096  -0.0354769  0.0775852  0.0250433  
-0.00254435  -0.00123927  0.000246351  -0.0284986  0.0844105  0.00701006  
-0.00254436  -0.000787698  0.000186815  -0.0262901  0.077639  0.00127418  
-0.00287192  -0.00101938  0.000135647  -0.0285169  0.0843969  0.0250349  
-0.00277588  -0.000984057  4.23517e-22  -0.0285348  0.0844055  0.0107305  
-0.00254436  -0.000696295  0.00020254  -0.0285295  0.073355  0.00453701  
-0.00254436  -0.000671449  0.000215148  -0.0285357  0.0690438  -0.00298715  
-0.00279366  -0.000767928  0.000289227  -0.0285224  0.0716222  0.0346185  
-0.00254436  -0.000892874  0.000143007  -0.028537  0.0663774  0.0177924  
-0.00249448  -0.000567754  0.00016702  -0.0376051  0.0663855  0.0100203  
-0.0022277  -0.000735532  2.11758e-22  -0.0385266  0.0585225  0.00361297  
-0.00224002  -0.000821648  0.000284164  -0.0285277  0.0612686  0.00965663  
-0.0021212  -0.000674409  0.000340162  -0.0207252  0.0560251  0.00664282  
-0.00224002  -0.000964054  0.000355291  -0.0285179  0.0583961  0.0249187  
-0.00224002  -0.000567754  0.000231683  -0.0372134  0.0555142  0.00581627  
-0.00224002  -0.000742771  0.000197033  -0.0394329  0.0663923  0.0114286  
-0.00190594  -0.00148328  0  -0.0446175  0.0480133  0.0166696  
-0.00197144  -0.00100442  0  -0.0285559  0.0479948  0.0424032  
-0.00184169  -0.00100442  0.000242852  -0.0403307  0.0544302  0.0392956  
-0.00177865  -0.00100442  0.000156844  -0.028545  0.0480074  0.0249315  
-0.00176144  -0.00100442  0.000132597  -0.0285459  0.0480082  0.00560128  
-0.00184169  -0.00108735  0  -0.0285528  0.0480049  0.0249326  
-0.00184169  -0.00100442  0.000226306  -0.0317017  0.0480021  0.0249358  
-0.00184169  -0.00100442  0.000111027  -0.0374167  0.0480082  0.0249359  
-0.00184169  -0.000868236  0.000222483  -0.0430682  0.0480103  0.0100996  
-0.00176501  -0.00100442  0.000208986  -0.0199907  0.0479988  0.0103995  
-0.00190824  -0.00107826  0.00030771  -0.0225514  0.0480074  0.0249399  
-0.00192724  -0.00100442  0.00010386  -0.0285514  0.0480028  0.0249396  
-0.0017736  -0.00100442  0.00028874  -0.0285379  0.0480139  0.0385432  
-0.00176187  -0.00100442  0.000253455  -0.0365074  0.0480107  0.0383486  
-0.00170464  -0.00100442  0.00031131  -0.0360435  0.0480125  0.0333788  
-0.00174014  -0.00100442  0.00033558  -0.0285303  0.0480081  0.0481799  
-0.00135429  -0.00100442  0.000254798  -0.0285384  0.0480102  0.0319219  
-0.00146992  -0.000867639  0.000293284  -0.0285361  0.0457161  0.0286975  
-0.00166398  -0.000932491  0.000179177  -0.0307521  0.0480048  0.0140178  
-0.00172655  -0.00100442  0.000374529  -0.0249091  0.0479819  0.00573274  
-0.00184169  -0.000789873  0.000426154  -0.0148395  0.0301363  0.0138852  
-0.00178154  -0.00100442  0.000296963  -0.0285542  0.0301563  0.00390632  
-0.00174079  -0.00100442  0.000343828  -0.0386297  0.0301736  0.0317192  
-0.00153491  -0.00100442  0.000336591  -0.0358623  0.0301814  0.0443008  
-0.00136497  -0.00100442  0.000276416  -0.0285479  0.0301778  0.0248508  
-0.001283  -0.000786799  0.000198894  -0.0285575  0.0301715  0.0271529  
-0.00147935  -0.00100442  0  -0.0285559  0.0301821  0.0189101  
-0.00147935  -0.000828195  0  -0.0285578  0.0301821  0.00957308  
-0.00147935  -0.00100442  0.000231683  -0.0373989  0.0301844  0.0050913  
-0.00141845  -0.00100442  0.000123538  -0.030847  0.0301811  0.0229448  
-0.00112402  -0.00100442  5.09258e-05  -0.0285534  0.0301828  0.0247654  
-0.00113224  -0.00100442  0.000237985  -0.0285493  0.0301673  0.0196742  
-0.00147935  -0.00100442  0.000265468  -0.028548  0.0301683  0.0180007  
-0.00147935  -0.00100442  0.000370666  -0.0285454  0.0301594  0.0169748  
-0.00147935  -0.000874263  0.000475663  -0.028539  0.0301735  0.0276346  
-0.00137538  -0.00122943  0.000187461  -0.0392538  0.0301872  0.025321  
-0.00147935  -0.000892544  0.000301336  -0.0400121  0.0270648  0.0363231  
-0.00147935  -0.000822411  0.000391727  -0.0372091  0.0301791  0.0311544  
-0.00147935  -0.000822411  0.00043674  -0.0349307  0.0254601  0.0334023  
-0.00147935  -0.000822411  0.000446421  -0.0264029  0.0301802  0.0414417  
-0.00147935  -0.00106197  0.000232832  -0.0285573  0.030178  0.0442887  
-0.00108308  -0.000180954  0.000384787  -0.014127  0.016619  0.00337385  
-0.000770231  -0.000232071  0.000331607  -0.0125598  0.00321339  -0.0181912  
-0.000541263  -0.000408648  0.000181958  0.0110994  0.00640737  -0.0136313  
-0.000555364  -0.00014205  0.000397351  0.0258307  0.0178096  -0.0135865  
-0.000555364  -0.000651103  0  0.00264992  0.0178564  -0.0136569  
-0.000555364  -0.000386698  0.000170036  0.00582743  0.0105089  -0.00881748  
-0.000555364  -0.000523331  0  0.00270474  0.008102  -0.0136578  
-0.000555364  -0.000658523  0  0.000520395  0.00239921  0.000764927  
-0.000750153  -0.000312044  0  0.00582492  0.0178591  0.00154665  
-0.000740916  -0.000402066  -5.29396e-23  -0.00484397  0.011158  -0.013662  
-0.000555364  -0.000190111  0  0.0110766  0.00849373  0.00184565  
-0.000707906  -0.000114317  0  0.0110763  0.00964088  0.00115532  
-0.000617318  1.93913e-06  0  0.0110759  0.00454957  0.00324994  
-0.000700514  -0.000194681  0.000335652  0.0110677  0.00768034  0.0308149  
-0.000708135  -0.00050477  5.29396e-23  0.00408162  0.00440943  0.028421  
-0.00043696  -0.000138804  0  -0.00473026  0.000449295  0.00299018  
-0.000555364  -0.000138804  0  0.0110637  0.00485515  0.0215837  
-0.000555364  -0.000276034  2.64698e-23  0.0110668  0.00502436  0.0305433  
-0.000555365  -0.000138804  0  0.0110637  0.00252165  0.0354462  
-0.000401161  -0.000138804  0  0.0110637  0.000425022  0.0281552  
-0.000399302  -0.000211666  0  -0.00861001  0.00125239  -0.000116706  
-0.00021985  -0.000138804  0  -0.00115466  -0.00206399  0.0179851  
-0.000317307  -0.000292156  0  0.00111964  -0.00456368  0.0426011  
-0.000188992  -0.00015019  0  0.0110903  0.00329585  0.0216297  
-0.000268542  -2.35747e-05  0  0.00368651  0.000714292  0.0187125  
-0.000805365  -0.00015019  0  0.00170551  0.00524796  0.0216384  
-0.00040821  -0.00015019  0  0.00660937  0.00202701  0.0110332  
-0.000455154  -0.00015019  0.000227406  0.0110889  0.00263622  0.0216388  
-0.000555365  -0.000209744  -1.32349e-23  0.00453576  0.000154504  0.0156214  
-0.000614974  -0.00015019  0  -0.00457318  -0.00418777  0.0216369  
-0.000458615  -0.00015019  0.000142179  -0.00223139  -0.00369128  0.0258413  
9.28359e-05  -0.00042116  0.000113828  -0.00850335  -0.00526266  0.0253326  
-0.000271234  -6.27534e-05  0.000166229  0.0111013  -0.00426495  0.021668  
-6.02261e-05  1.74874e-05  0  0.0111394  0.00485273  0.0104491  
-8.56324e-05  1.74874e-05  0  -0.00445289  0.000779357  -0.0119251  
-5.84662e-05  0.000132084  0  0.0111394  -0.0016764  0.000867686  
-0.00014292  1.74874e-05  0  0.0111394  -0.00328313  0.0018354  
0.000179672  1.74874e-05  0  0.0111394  -0.0114117  -0.00778103  
-0.000195259  1.74874e-05  0  0.0111394  0.000663117  -0.00180999  
-1.10996e-05  1.74874e-05  0  0.0111394  0.000664032  0.0021815  
2.96848e-05  1.74874e-05  0.000107448  0.0111368  -0.0106603  0.0216655  
-4.89826e-05  1.74874e-05  9.59238e-05  -6.24095e-05  -0.00773556  0.0216619  
6.92846e-05  -0.000323656  0.000108777  -0.00545155  -0.00911338  0.00747056  
0.000177403  7.64119e-05  0.00014779  0.00421153  -0.00978203  0.0347609  
0.000191626  3.76753e-05  0.000136197  -0.0129213  -0.00636274  0.0384102  
0.000553327  0.000284513  -2.64698e-23  0.0127524  -0.0187526  0.021721  
0.000100059  9.71267e-05  0.000186872  0.0226292  -0.0128164  0.0216925  
0.000201759  9.71267e-05  0.000157955  0.0197174  -0.0122727  -0.00690936  
0.000100059  9.71267e-05  0.000164433  0.024375  -0.0131429  -0.000526975  
0.000100059  9.71267e-05  -1.65436e-24  0.004913  -0.0138706  -0.000975069  
0.000278532  9.71267e-05  3.30872e-24  0.00858258  -0.0225046  0.00409907  
0.000234858  0.00030439  0.00018238  0.00523773  -0.0157947  0.0163652  
0.000100059  9.71267e-05  7.25649e-05  -0.00610961  -0.0123711  0.00341353  
0.000100059  0.000149607  0.000220975  -0.00524253  -0.0119894  0.021693  
0.000338795  9.71267e-05  0.000347006  -0.0118795  -0.0162094  0.0177265  
0.000475987  9.71267e-05  0.00015621  -0.00452094  -0.0285847  0.0217086  
0.000375633  1.9175e-05  0  -0.00183426  -0.0165915  0.0541372  
0.000410693  0.000485058  0.00017061  0.00970722  -0.0173944  0.0505133  
0.000422209  0.000370898  0.000240729  0.00972005  -0.0201174  0.0166817  
0.000684563  0.000469602  0.000168613  0.00971354  -0.0270136  0.0165039  
0.000576887  0.000339424  0.000331798  0.00971222  -0.0224483  0.0228237  
0.000541298  0.000265417  0.000299104  0.0224685  -0.0242493  0.0181755  
0.000542491  0.000557746  0.000318614  0.0221691  -0.0295427  0.0182286  
0.000560775  0.000316016  0.000173551  0.00969384  -0.0302996  0.018242  
0.000481827  0.000608882  0.000234844  0.00968764  -0.0285078  0.0124176  
0.000481827  0.000342278  0.000243685  0.00445102  -0.0287826  0.00616185  
0.000615971  0.000347509  0.0002549  0.00966383  -0.0286015  0.0424283  
0.000481827  0.000347509  8.79874e-05  0.00967211  -0.0242494  0.0352886  
0.000481827  0.000547213  0.000398531  0.00966011  -0.0113845  0.0337538  
0.000357849  0.000347509  0.000360927  0.00965903  -0.0219534  0.0284441  
0.000299101  0.000512624  0.00035923  0.0183248  -0.0208918  0.0183049  
0.000481827  0.000676445  0.000396629  0.0133246  -0.0288192  0.0306669  
0.000311537  0.000589181  0.000153002  0.0026639  -0.0285874  0.0297707  
0.000481827  0.000852165  0.000457774  0.00962664  -0.0279026  0.0465635  
0.000481827  0.000569222  0.000393955  0.0126108  -0.0265386  0.040558  
0.00059682  0.000449152  0.000398249  0.0096414  -0.0289363  0.029858  
0.000481827  0.000450057  0.00041078  0.0249198  -0.0235609  0.0385644  
0.000664414  0.000852165  0.000486305  0.0226622  -0.0312849  0.00604457  
0.000731159  0.000337634  0.000438706  0.0188097  -0.0291801  0.0218965  
0.000681008  0.000517638  0.000469565  0.0197681  -0.033637  0.0287237  
0.00073358  0.000736966  0.000518222  0.0356687  -0.0360032  0.0230103  
0.000481827  0.000573235  0.0004401  0.0220436  -0.0326709  0.0270318  
0.000735968  0.000512577  0.000385267  0.0356819  -0.0350412  0.0250674  
0.00105563  0.000617803  0.000257121  0.0214091  -0.047191  0.0243044  
0.000859043  0.000675503  0.000411195  0.0218419  -0.0435764  0.0208575  
0.000980005  0.000682394  0.000441775  0.0285369  -0.0379711  0.00605803  
0.00116666  0.000546569  0.000265778  0.0214315  -0.0438535  0.00605653  
0.00112496  0.000754507  0.000458475  0.0356676  -0.0418548  0.0194225  
0.00112496  0.000687681  0.000426167  0.0200708  -0.0421845  0.0158812  
0.00112496  0.000580702  0.000496389  0.0157066  -0.0320892  0.0145323  
0.000973887  0.000852165  0.000548181  0.0293717  -0.0405932  0.0228921  
0.000850829  0.000469267  0.000526335  0.0134284  -0.0321112  0.0223822  
0.000741202  0.000852165  0.000555614  0.0217472  -0.0320979  0.0296343  
0.000894087  0.000583653  0.000293073  0.0158582  -0.0406249  0.0192245  
0.00071257  0.000852165  0.000514402  0.0186833  -0.0320922  0.0169806  
0.00071257  0.000708867  0.000662675  0.0277732  -0.032128  0.0320011  
0.000603303  0.000491519  0.000516127  0.0261841  -0.0364356  0.0319584  
0.00071257  0.000768446  0.000675485  0.0267813  -0.0321383  0.0320031  
0.00071257  0.000401161  0.0005955  0.0159518  -0.0321294  0.0284658  
0.00071257  0.000381655  0.000538223  0.0201488  -0.032128  0.0319778  
0.00071257  0.000627009  0.000562244  0.0156314  -0.0300996  0.0491183  
0.000455516  8.10065e-05  0.000479996  0.0160891  -0.0153812  0.0913644  
0.000764076  0.000892069  0.000685104  0.0241797  -0.0274137  0.0559279  
0.000869403  0.000287855  0.0005838  -0.00110501  -0.0320586  0.0266106  
0.000839734  0.000398833  0.000661753  0.0153053  -0.0321143  0.0551358  
0.00071257  0.000287855  0.000631456  0.0109714  -0.0321497  0.0551211  
0.00071257  0.000650186  0.000584881  0.00914427  -0.0360167  0.0514806  
0.000772063  0.000808771  0.000704806  0.00137502  -0.0404795  0.0513138  
0.00071257  0.000186094  0.000533719  0.00138339  -0.0464981  0.0489809  
0.00071257  0.000597294  0.000918979  0.00813523  -0.043921  0.0648977  
0.00065041  0.000974963  0.00082178  0.0234543  -0.046692  0.0774362  
0.00071257  0.000601071  0.000831049  0.00913657  -0.0476213  0.0738088  
0.00071257  0.00118676  0.000805348  0.0126147  -0.0441545  0.0738421  
0.00071257  0.000758397  0.000834267  0.00774686  -0.0442614  0.0661141  
0.00071257  0.000678139  0.000748372  0.0138274  -0.0486777  0.0613367  
0.00071257  0.000761204  0.000533719  0.00760518  -0.049295  0.0671162  
0.000836382  0.00118676  0.000533719  0.00731111  -0.0488088  0.0689719  
0.000779157  0.000544936  0.000816519  -0.0116871  -0.0481177  0.0588489  
0.000766269  0.000763411  0.000893598  0.0137558  -0.0499261  0.0571193  
0.00071257  0.000695108  0.000895887  0.00307524  -0.0463766  0.058918  
0.00071257  0.00111959  0.00077095  0.011219  -0.0494222  0.0577676  
0.00071257  0.000871545  0.000770683  0.0017816  -0.0507035  0.0811992  
0.00071257  0.00113761  0.000851071  0.00102501  -0.0535209  0.0812067  
0.00071257  0.000357855  0.000937178  -0.00948377  -0.0502801  0.0771737  
0.00071257  0.000949941  0.000937178  0.0042405  -0.0486087  0.102382  
0.00071257  0.000929244  0.000937178  -0.000492349  -0.0496412  0.087218  
0.000848768  0.00118741  0.000937178  0.00245695  -0.0492227  0.081028  
0.00071257  0.000515416  0.000937178  -0.00952515  -0.0463776  0.0760767  
0.00071257  0.00107773  0.000937178  -0.00192446  -0.0504727  0.0838927  
0.00071257  0.00107773  0.000937178  0.0078044  -0.0485766  0.0846194  
0.00071257  0.000750438  0.000937178  -0.00955132  -0.0494675  0.0846029  
0.00103006  0.000201471  0.00111587  -0.00951626  -0.0523721  0.084675  
0.00071257  0.00086818  0.000937178  -0.0139425  -0.0535138  0.0846221  
0.00071257  0.00117526  0.000937178  -0.00690625  -0.0557685  0.0846009  
0.000878641  0.00123413  0.00111137  0.0017174  -0.0520788  0.092955  
0.00071257  0.00109525  0.000937178  0.00606031  -0.048654  0.104737  
0.00071257  0.000952077  0.00113289  0.00973825  -0.0443498  0.119672  
0.00111614  0.00167794  0.00127858  0.0169109  -0.0535317  0.0977525  
0.00105711  0.00195809  0.00127755  0.0298967  -0.0589826  0.108151  
0.00106151  0.00118054  0.00124838  0.00631696  -0.0564398  0.120977  
